<?xml version="1.0"?>
<opencv_storage>
<calibration_Time>"Fri Feb 16 21:33:06 2018"</calibration_Time>
<nrOfFrames>25</nrOfFrames>
<image_Width>640</image_Width>
<image_Height>480</image_Height>
<board_Width>9</board_Width>
<board_Height>6</board_Height>
<square_Size>50.</square_Size>
<FixAspectRatio>1.</FixAspectRatio>
<!-- flags:  +fix_aspectRatio +fix_principal_point +zero_tangent_dist -->
<flagValue>14</flagValue>
<Camera_Matrix type_id="opencv-matrix">
  <rows>3</rows>
  <cols>3</cols>
  <dt>d</dt>
  <data>
    1.0326379595979721e+04 0. 320. 0. 1.0326379595979721e+04 240. 0. 0.
    1.</data></Camera_Matrix>
<Distortion_Coefficients type_id="opencv-matrix">
  <rows>5</rows>
  <cols>1</cols>
  <dt>d</dt>
  <data>
    4.3006222410842935e+02 -7.8631329355298352e+04 0. 0.
    -5.9768062680880852e+04</data></Distortion_Coefficients>
<Avg_Reprojection_Error>3.6795621622504839e+00</Avg_Reprojection_Error>
<Per_View_Reprojection_Errors type_id="opencv-matrix">
  <rows>25</rows>
  <cols>1</cols>
  <dt>f</dt>
  <data>
    3.67856073e+00 3.68345833e+00 3.68103480e+00 3.67800617e+00
    3.68447614e+00 3.68079615e+00 3.67616200e+00 3.68061781e+00
    3.68104362e+00 3.68351269e+00 3.67546511e+00 3.67755628e+00
    3.67858338e+00 3.67935562e+00 3.67628622e+00 3.67681122e+00
    3.68201160e+00 3.67755628e+00 3.67411566e+00 3.67924976e+00
    3.68019724e+00 3.67602372e+00 3.68461084e+00 3.67979288e+00
    3.68374085e+00</data></Per_View_Reprojection_Errors>
<!-- a set of 6-tuples (rotation vector + translation vector) for each view -->
<Extrinsic_Parameters type_id="opencv-matrix">
  <rows>25</rows>
  <cols>6</cols>
  <dt>d</dt>
  <data>
    5.5863052122939794e-01 9.7803845682419410e-03
    -2.6271971287558135e-02 -1.4799800227920002e+02
    6.6821558819655110e+01 1.8558138489287838e+04 5.5885137762103310e-01
    9.7673055146505951e-03 -2.6395253112699642e-02
    -1.4801857650882792e+02 6.6979063203322369e+01
    1.8559543612163121e+04 5.5885367150138554e-01 9.8958843769369545e-03
    -2.6423148804745365e-02 -1.4802566939282244e+02
    6.6927400158999419e+01 1.8558436554391068e+04 5.5838424480164561e-01
    9.8994976887147434e-03 -2.6356801912695481e-02
    -1.4800450485624197e+02 6.6848504849828302e+01
    1.8559584210623125e+04 5.5875650507724928e-01 9.9177491612293285e-03
    -2.6319253825380060e-02 -1.4799922140970983e+02
    6.6883027952329940e+01 1.8559440519679396e+04 5.5883667668247472e-01
    9.8761568040787347e-03 -2.6286782332560984e-02
    -1.4800399527482389e+02 6.6905632123866184e+01
    1.8559918452672606e+04 5.5902023062976058e-01 9.8925616658212690e-03
    -2.6291850181857663e-02 -1.4799456560121405e+02
    6.6976747412133520e+01 1.8560021908840019e+04 5.5901382152089452e-01
    9.9173428995629389e-03 -2.6351868301232304e-02
    -1.4800002768260887e+02 6.7021246427288304e+01
    1.8560704347236599e+04 5.5865472537844441e-01 9.7163643590040191e-03
    -2.6292795197646202e-02 -1.4798819744750708e+02
    6.6973247210631143e+01 1.8561242123184955e+04 5.5853270879371575e-01
    9.7694690734856943e-03 -2.6305273029346810e-02
    -1.4799517757623153e+02 6.6932571910908393e+01
    1.8559537976514788e+04 5.5865877131089992e-01 9.7856439017595231e-03
    -2.6334573305799629e-02 -1.4799363602557901e+02
    6.6947355349140452e+01 1.8559787083177922e+04 5.5893281409823536e-01
    9.9856534811597984e-03 -2.6338837238025839e-02
    -1.4801682108784354e+02 6.6943383042476910e+01
    1.8558777032463840e+04 5.5875924905109575e-01 9.9208518730602505e-03
    -2.6383797605677241e-02 -1.4801058310833358e+02
    6.6981636949063329e+01 1.8559573576688872e+04 5.5879436258641346e-01
    9.8358572321290069e-03 -2.6293919000942544e-02
    -1.4800870678667388e+02 6.6983544730569619e+01
    1.8558553751193875e+04 5.5901032400444572e-01 9.8710756214624717e-03
    -2.6337677793851471e-02 -1.4801524470042938e+02
    6.7035288754573955e+01 1.8560492576475695e+04 5.5875919944052210e-01
    9.9086184785478031e-03 -2.6327760147029491e-02
    -1.4801755600259332e+02 6.6992732473107992e+01
    1.8558910196673525e+04 5.5874703948261772e-01 9.7607541503150850e-03
    -2.6355778399168587e-02 -1.4800460112286052e+02
    6.7005477368907805e+01 1.8559448094569485e+04 5.5894662969261943e-01
    9.7866404345959227e-03 -2.6305433448908816e-02
    -1.4801538061314864e+02 6.7040225233988195e+01
    1.8559300529534634e+04 5.5901085565138486e-01 9.7715928725918399e-03
    -2.6313821935809275e-02 -1.4800433880992782e+02
    6.7026189741538886e+01 1.8559639529312655e+04 5.5889830498556015e-01
    9.8183675713903584e-03 -2.6311666427427421e-02
    -1.4801426730648515e+02 6.7028623767981301e+01
    1.8559978293778655e+04 5.5871894809331257e-01 9.8326001535074675e-03
    -2.6357041766457066e-02 -1.4800504648677239e+02
    6.7048109617121312e+01 1.8560126471885902e+04 5.5884665466739414e-01
    9.9122034615528459e-03 -2.6345457414091653e-02
    -1.4801117958325426e+02 6.7056073982831876e+01
    1.8559884861432500e+04 5.5874554235158946e-01 9.8725223806523377e-03
    -2.6233822524810109e-02 -1.4799712781533930e+02
    6.7070769955399598e+01 1.8561593268265358e+04 5.5876726011424116e-01
    9.9140189903781650e-03 -2.6398839860923298e-02
    -1.4802082933219032e+02 6.7079340658899596e+01
    1.8559902268583159e+04 5.5887798094121832e-01 9.7638874849597448e-03
    -2.6269887908773017e-02 -1.4799646388862155e+02
    6.7071516688542857e+01 1.8560773856118514e+04</data></Extrinsic_Parameters>
